#1F0D75
48,47,234
54,248,228
#1766A9
14,176,108
#43F869
38,171,170
#3ECCBA
#5E5F8B
#BE59B7
#C97608
#B179AE
#4C40B1
60,53,168
59,85,188
#0D85F1
73,141,100
#1A023C
66,20,93
57,47,64
#9D1C7C
20,103,105
#564EB8
#7CD4A1
190,250,177
#BC541D
67,154,81
#35D35B
#86F427
#C7BA83
#20266D
#5B8E95
#CABB25
#19514E
39,250,227
#9216F3
102,54,165
#E62E97
34,70,98
221,96,179
#A253CE
6,24,184
54,95,101
#6DC261
#082684
#E747CD
161,61,197
103,118,219
10,86,207
2,220,243
#316B07
#759D1C
#8FE474
55,188,201
#391D31
#630A68
73,136,217
174,198,219
18,90,236
64,190,106
70,66,238
122,218,84
194,44,185
#F74943
#4CE46E
#20266D
135,130,251
#EA450F
99,71,80
#09C0F1
53,210,30
#8DB922
#4C31B4
120,50,68
#63EBDE
234,69,15
#43BEDB
#F9F947
#6A30E5
153,254,97
#A599C7
165,188,148
#E62E97
#40B3C8
#10C05F
68,48,83
180,239,95
38,97,12
#A0C298
#D046B0
#42145D
#BC2232
133,222,130
#E19255
97,211,17
169,7,147
67,18,206
15,91,221
#30C63A
#079391
#85BD6F
#0540C6
#14DBCB
134,242,214
#3293FA
249,115,216
116,16,140
#4AE8E6
160,36,91
213,241,249
#2CDDE7
44,32,188
139,121,187
#616244
196,232,151
158,244,69
153,195,125
199,173,10
#B50F2B
135,209,136
#FB8F01
#5530A3
#43338A
#748762
#14331A
64,199,117
#8EC422
#D1E586
77,183,178
103,76,255
#0ADDFE
#A164E5
#78A5F1
71,107,26
153,26,150
14,178,62
#081759
118,168,159
#CDD363
#9806D9
185,75,238
#E05D49
#C52681
#BC94D5
147,41,195
49,143,237
193,196,141
#248F71
219,51,211
0,25,229
213,105,158
#43BEDB
#73D531
191,227,173
30,81,31
243,86,213
#BBC9E5
#842992
129,125,201
#637295
8,46,167
43,26,126
238,188,215
9,87,118
106,28,223
#919641
#972ED4
#FC6970
126,104,38
115,94,147
244,83,22
229,100,29
#C3BEB9
#0F9465
#D0FE76
#B169B2
#AC39A5
44,167,113
252,12,140
142,196,34
#EE4546
#BCB497
#4AB270
#16B8F8
105,139,46
186,26,60
116,49,36
104,119,163
#C14998
131,72,247
87,228,21
#AC3F64
#435DB3
#A2D08F
117,7,25
#589081
#0BA7F0
#3ACD6B
238,225,18
#BEFAB1
186,138,233
#023CCB
#4CAAD8
201,120,125
233,161,251
#0D78CC
#E5F246
216,208,93
#29EFD5
#27CBC0
#058D6F
241,14,221
#99A338
#59B842
#6DDF4A
#9269AC
122,87,155
0,219,102
#AC763B
173,61,14
#BC94D5
#B49EB4
96,152,22
177,196,71
173,142,56
#733D5B
106,15,109
#40870A
#125465
#55D9F4
147,74,25
#1E3FE1
91,228,111
#DA093F
#0CF651
129,199,248
#8308AD
#51BB13
146,105,172
#E156D0
#0FA05C
#224662
#2F55AD
48,172,102
183,136,147
6,118,214
#A6A32C
#095776
#376090
#3E0A6D
#D33B37
#CA7380
86,184,183
#E3B39F
219,51,211
11,9,154
7,183,202
1,101,182
55,156,195
122,138,175
79,202,194
167,212,119
#8A49D5
153,26,150
201,118,8
181,189,37
159,205,192
15,199,205
#75ADAB
#36FFA0
#68E0AD
15,156,190
207,212,172
183,159,152
#CDFA25
#F0AEB0
#D3F819
#1A907B
#5AA799
107,190,213
77,208,61
237,99,247
48,113,236
#CB6381
#46A0E2
#194B65
168,60,31
104,210,18
6,144,225
#D2BE3D
120,154,165
76,116,197
20,89,158
#4D9B11
#81668A
100,52,24
#1D1923
161,100,229
99,192,75
233,170,88
#69973F
#CA4C57
#6FCF09
#6A30E5
202,93,69
#90A438
#90B193
#D2E445
156,202,178
#BB9782
#DFB243
97,181,131
#7A579B
#642428
39,203,192
10,157,235
167,173,185
#9841D6
115,94,147
209,160,116
#D81FA8
#16E161
#4D35B6
111,131,117
#4CC3E4
135,85,213
#56D370
#9814C3
#42476A
#4C67BE
#820E31
#66EDE7
56,146,187
156,65,165
217,161,130
189,144,0
#6EFD60
242,6,80
56,18,212
#E62E97
10,239,56
#BA272A
43,243,9
105,57,84
#972ED4
221,70,87
#BC61FE
#36A9E1
12,104,135
144,208,77
#A1544A
204,36,207
209,223,86
213,105,158
#88F51F
167,203,186
#0731A5
#EFEF0E
222,223,8
#5E7E64
179,140,120
#D67AEB
#8797E2
#681C2F
#4254B7
118,168,129
4,142,57
89,83,219
#7A8AAF
111,248,187
#EA4EEC
#A476A6
#27F5CB
4,169,229
#C1A2E0
92,189,103
#7B02E3
133,12,165
146,105,172
#8E7FA0
#85F024
5,148,1
104,120,231
202,75,169
78,123,126
#9AA04D
117,191,34
#B59E9A
236,30,120
242,157,77
#A4E968
54,188,155
#CDF8B6
#BCA530
47,67,121
122,154,180
161,108,31
26,63,75
65,130,186
75,179,23
114,171,77
99,102,236
34,184,153
40,91,0
#C2B492
#05C85F
#698FEE
65,26,224
14,79,234
177,196,71
#AC42FB
142,235,163
#02AFF6
#E522B9
153,83,110
88,79,51
#1FAF61
88,168,9
#BCFDEB
#29978C
#C87C11
180,142,114
#910641
#5F4AC9
#052442
#AC196E
44,0,120
#9BF1C5
87,159,223
0,248,219
#20CE85
92,14,216
#D4F747
126,231,37
92,14,216
#DC3425
#00A68D
19,131,51
#D33B37
223,49,31
#9D128A
#887B9C
#C241DC
#69E35B
142,236,247
#CF7858
#BD8BB6
#BED0E7
151,28,117
#5CDCC2
40,70,69
107,239,88
#FC8169
#D57099
205,83,231
#C69FA3
252,176,158
#7EACBE
156,210,241
186,218,244
#BF20EA
176,108,3
#5A4FA4
#73763D
#ADCE1F
#A458AD
67,87,203
#2FDE69
93,140,129
#1175FB
#48FB75
72,12,241
#9C38FC
249,151,68
#C9787D
#F6C2DA
#D656DE
83,134,235
221,144,55
#33E12E
#728F41
#E9AA58
113,230,73
#27668F
122,21,127
66,84,183
233,178,156
#0EA56C
3,213,7
80,188,248
#87F10F
#8E59AB
#182DDD
#08C3E7
220,120,142
#4A33A9
#14599E
219,204,161
76,173,80
45,25,28
#04A996
#24C40E
#B8B1A2
61,95,71
#6C2B75
79,233,170
186,138,233
28,80,233
#F8AF0B
173,52,219
34,202,91
208,75,134
#308A53
27,211,74
94,253,195
36,23,225
116,34,204
193,159,252
49,119,72
#42A001
#15EAA2
#4FFC6B
109,164,30
207,250,18
162,83,206
#1A3F4B
#5B22E8
#FDD26A
#BAD291
254,143,236
#40BE6A
#8774E5
#FE0615
253,66,240
91,209,59
204,255,114
#5E0291
61,95,71
#8B25D6
#EBE453
68,227,58
#75B458
#CA0D42
211,66,68
#EC0408
116,16,140
135,150,152
#D36A2E
#868AD1
#1378A7
235,95,158
#A79AF2
101,97,221
87,208,150
#B40BA3
#3B99D3
142,205,223
#43D43E
134,155,16
#85DE82
211,63,130
#250DA5
121,66,39
#0634B4
#F280B7
199,220,179
#1CD6D6
#20C46B
18,63,103
#76407B
#831D0A
#250171
#08F5DB
57,254,87
124,183,3
74,89,49
187,72,161
#36EA84
137,176,183
#4B9E8C
#511EFB
236,158,91
#DFD8AC
47,182,135
73,61,14
156,76,64
132,122,13
14,107,109
#D04860
#FDAB7F
#DDCD9C
#3E881A
#48FB75
#1681FA
103,142,116
212,180,159
30,85,190
#5AE7F1
12,23,33
77,43,155
#87AEDD
180,208,153
249,113,247
#1A1254
196,24,193
#DB3258
167,253,39
#0D39CA
108,159,253
105,126,105
19,129,162
207,176,153
#13CE23
29,71,140
24,83,141
228,127,52
#BE61BE
#252FE6
12,209,37
120,76,83
65,29,134
61,179,178
#EE3062
133,222,130
#7E9016
#3BB96D
#C1B939
192,209,9
#BB6E86
#E8562F
239,254,184
25,65,65
#39FE57
129,74,132
142,62,161
39,243,75
122,143,114
42,110,21
#56CAA4
82,31,93
#79659E
74,65,162
#EC0FDF
#D8D05D
129,203,150
59,117,168
#0564F4
146,152,120
#CDD363
#068208
116,236,225
73,136,217
#B342F6
#FBA5CB
94,18,230
#00AD15
#1E6A2A
11,136,14
91,54,151
#6E4D1C
138,152,217
197,113,128
#B0F9E2
57,229,19
#68A29F
#166E41
8,189,64
#13A79F
#17447B
#063303
#6C821C
16,34,241
#995912
64,237,226
100,247,197
227,229,36
#9E5382
4,203,130
215,143,118
177,41,86
216,247,255
#F081BB
187,178,187
27,65,56
#5474C6
47,123,134
20,89,158
#8EFBDB
#9793E4
#9F8FB2
234,87,7
#CD0928
174,130,147
#99CBDA
229,34,185
#3A5D22
212,148,189
#C4FEB7
#E08E8C
37,47,230
185,150,202
33,57,188
222,53,131
#4072B6
109,150,119
#04DC35
#25DD3E
#1E1143
218,185,162
#6C9DDE
78,143,56
#5DC9B9
#60B8CA
#D5BCB9
37,242,80
#BC33EC
#820E31
198,173,194
123,181,100
#2F7A15
#CE1CCD
29,187,94
75,115,68
41,159,9
#806677
#E513BC
#F2C934
67,221,120
#67EC2A
134,213,100
#260F27
105,131,7
#1E1846
#0395B5
108,227,35
233,29,101
38,116,187
12,23,33
#B5DC12
#5926CC
#1A907B
238,188,22
255,162,176
#D6C109
184,219,104
122,65,172
#783024
23,233,196
#102D11
95,151,59
#0E2196
77,240,208
#3872F4
252,115,85
196,209,205
#5953DB
#829DE3
121,6,77
29,192,187
175,177,159
#F46CC4
146,141,207
247,92,95
30,84,243
234,136,220
14,84,142
#B2A26C
#A908E8
#3812D4
9,75,42
29,146,187
151,172,247
133,83,0
108,174,79
55,142,152
214,235,73
232,30,165
191,58,210
211,60,51
40,63,34
216,175,226
224,71,123
142,18,103
141,242,240
208,50,230
#5A2B44
153,84,81
226,92,13
#55EB97
77,73,17
#BA0DDB
225,250,59
221,190,203
144,17,150
27,243,90
120,0,249
162,68,74
90,94,223
#557242
#7CB1B2
33,46,65
#F1F3E1
#1E8CC1
#A5C268
#ECDAC9
107,171,171
250,62,235
204,44,173
42,203,162
#AC90F5
#4C00EF
233,129,217
#978FDD
150,79,247
#0D6DC8
#B4EF5F
241,112,254
#ED539E
120,107,115
#5091C5
#6D9677
201,151,165
206,28,205
145,69,215
#C42254
204,6,106
#BA6CC5
129,202,42
207,196,82
#2B01DF
#8A49D5
#78A5F1
#B56653
#0DFC2C
174,120,115
#42BD2C
87,179,55
204,31,117
#5F6AE6
#4DC0F6
64,40,230
193,246,222
54,69,91
222,57,190
#3EB258
#527225
147,136,20
53,58,50
202,76,87
53,182,11
201,102,221
53,44,126
#A3D08A
158,175,148
#C6E612
#7FD5E6
214,84,79
#68E987
37,137,64
153,77,110
#58F407
55,233,106
82,243,200
35,9,144
0,208,120
#37DACD
238,254,251
#902C52
#C64C3D
#E4B2F7
231,116,45
173,151,143
#97693B
164,34,138
#D3BD69
#57F4FE
#5B35DD
#92362C
#69B91A
#78496E
138,213,253
73,74,218
#43A2CE
99,178,97
#12F88D
217,164,230
38,209,123
#616D0F
168,127,87
130,218,81
38,245,98
255,140,197
#6B0BA5
106,72,156
80,34,3
162,41,115
#DD1901
34,63,89
#2D5230
95,60,129
#054CD7
#70AA1D
41,193,183
132,77,65
#660A87
192,246,24
206,70,61
#3116F8
150,119,187
#BDD1F0
#2564B9
#956DF0
226,124,245
#435037
49,210,22
#B8AAF0
158,205,12
6,237,231
#95D917
#38CE49
231,161,220
251,182,56
48,138,83
236,225,166
#8DEA69
10,239,56
#B87B04
236,202,97
92,159,145
#71D02A
208,81,127
#E87FFE
#B921A7
44,170,19
108,233,51
49,110,1
#B22B1D
#581A07
52,16,164
237,8,120
#0B6D7F
#AF6FD8
#A563F5
125,27,175
#32B981
79,196,156
50,211,50
#9C6081
75,25,116
#09BEF7
#68EBFC
145,57,133
#4A5FD4
#E51871
#1F0D75
32,38,109
255,177,121
#E2A2F1
#8205E9
#340FDA
#C0C991
19,216,252
#7F087D
114,218,98
198,230,172
178,227,165
#C54D5D
179,105,76
#172E7A
#3A0601
#A86250
230,6,245
#8951E0
#549911
#83B777
158,56,82
#BC4736
#47F2A2
#35C5CF
118,106,68
#8D0BC1
#0DA241
21,28,137
#24921B
#99FC94
#40DF7C
134,17,113
122,85,183
#1022F1
#821BFA
22,109,125
17,24,123
247,214,93
207,196,253
180,5,206
#A02FF1
#9FB043
172,45,120
#6F1E55
60,155,95
#EC0FDF
71,155,191
176,130,161
#E46B92
10,183,24
109,70,112
#CFE3C6
#D33C33
#707737
#D8702C
190,76,116
140,66,216
#48A36A
48,96,87
195,81,104
97,211,225
189,76,220
#E0BE57
#E0015A
#69E35B
55,91,106
210,246,30
#FFC159
#36EE22
121,206,99
#BEA3E8
#62D679
#269EC7
#904392
159,32,238
154,59,4
160,47,241
#BC5A56
207,234,1
#C8395A
#2A6E15
140,98,107
#05889D
#68E987
#2D18AB
#7A3649
17,169,25
5,172,163
14,223,167
68,22,132
#D9E2EC
126,172,190
#7D6F24
#3DF73F
226,212,178
#71D02A
#9D1A9F
120,52,218
14,252,200
236,25,131
194,107,180
102,150,242
#0D5CB5
#A324E3
#468C1D
#88FA31
66,206,142
#CE5D09
164,205,121
40,252,158
191,81,7
#1F6559
#7C9340
179,216,231
#046166
#E0A6B6
#313D02
#615780
241,54,58
#C4E519
#B2B003
189,248,212
133,164,180
#CEE833
219,64,216
#19DA56
248,228,54
101,184,245
107,191,208
#ADEE2F
#D1BB7C
#EEC3AB
49,61,217
#D5CCF1
29,54,197
#480CF1
#3A7B80
#FCB607
178,47,110
#474BA4
#95E71D
#E2A072
#B628B5
236,50,234
99,166,76
#B818D4
236,242,28
57,236,68
#7F6102
55,32,202
231,133,186
#43EB6F
#A40439
#DEF9F9
#D3A106
157,13,246
#0A4EB3
10,8,108
180,29,36
49,203,214
#7AFE8F
#30AC66
#5C8510
222,223,8
#CD33C2
118,99,119
168,47,22
145,210,172
#122F88
152,212,137
#DE2932
#8516D3
#13A5A9
#C6BB4A
241,132,252
#B111C7
198,24,149
#057ECF
#49EB20
#9814C3
#E32B9D
#994DA2
105,132,202
96,40,85
#253D22
#42613E
14,189,68
#F444DE
60,255,18
#AF6757
#FE2909
49,98,249
18,126,250
#8B4B6E
252,166,224
14,190,20
224,99,236
132,27,229
#228F08
#32A731
#129CB8
#650169
#2C5ACA
77,156,95
#E955A8
#8F2418
#2AD360
12,71,198
45,161,28
96,68,85
110,168,204
#3DA6BE
130,128,57
255,239,169
107,242,6
191,231,46
#A5834E
233,175,64
#A72A85
231,223,252
#60FC97
129,38,106
#1054BE
89,71,118
123,64,25
#26E800
165,130,117
#F8BE0F
#4A72C1
#886118
64,190,106
#207A5C
#5D68DC
#523FD4
227,173,106
#2C35F0
#09B292
#CD31A6
9,135,224
203,55,201
198,130,47
78,93,228
123,72,195
#EEDB89
1,157,140
#E9AF40
222,75,60
#EA88DC
186,51,96
220,65,7
#F5C423
36,39,85
107,177,101
161,238,201
69,199,247
#3B8101
154,56,47
#F9E1E9
148,185,151
#939AF1
182,161,110
46,233,200
51,202,99
37,92,105
79,163,100
#677A36
#DE0E78
208,75,134
136,170,208
52,30,252
#656825
#899BA7
#DE48ED
101,8,19
#B8AD2E
#A2BC87
#01037E
185,75,238
2,60,203
15,232,86
188,212,82
#0A8E85
#284F7D
127,202,227
109,85,213
63,174,220
27,81,78
165,119,192
#B75359
190,179,227
101,15,174
162,122,92
#D69A61
#93CA7F
#890B48
97,160,243
#4CAA51
255,156,95
#6F32B6
190,99,32
21,199,194
2,191,74
140,65,174
148,220,215
243,98,105
#C06796
#5953DB
#105315
95,7,22
197,200,131
#146769
#4DAF45
5,93,119
197,219,109
6,144,225
#E1EE58
#1D94B9
19,194,20
#595753
202,67,183
36,100,78
143,136,57
#6F04E9
#223C3D
174,143,244
#A9CC30
79,133,192
11,45,180
9,180,25
#931519
#B67FDA
199,84,76
#A84739
#657311
38,35,109
74,210,43
#761922
162,23,23
204,151,86
#3A6B72
#81CA2A
#98B1BF
234,69,38
72,177,33
57,218,216
#D33F82
#6875E2
13,38,163
#62875B
#81AD2A
76,181,40
#008A00
#847A0D
#524B04
167,5,73
164,86,89
#84EF62
#8A5533
51,184,115
#7DF69A
#0B295B
#E8F889
140,198,13
178,121,235
202,25,188
11,187,178
#08B166
#994CFE
28,175,84
234,219,23
#1B9FDA
150,227,152
213,81,58
63,213,2
144,89,166
#44CF5E
31,119,68
33,144,51
#BC8E2A
#E0359F
150,114,204
#4F8127
#CCCD55
164,50,87
#30937A
68,58,191
#32798F
230,78,56
19,206,35
106,234,144
231,230,7
129,114,3
#C2A8C9
#58F3D8
#104C3D
6,144,15
43,126,134
0,180,8
180,198,34
68,213,173
238,45,96
133,50,228
131,192,71
221,9,168
#229AD3
196,24,193
59,166,1
#615527
#0B7B50
151,152,47
215,90,174
#71E649
#0FC7F9
250,115,64
65,130,186
114,189,159
#379928
#1C50E9
198,230,18
#370779
195,107,250
40,79,125
150,79,134
#874C25
#D15A75
#6ED3AE
39,164,218
212,34,188
207,191,112
#5FDC5F
212,86,87
#9AB801
219,112,2
#12897D
158,158,113
#846ED0
204,184,72
118,190,186
#185276
76,116,197
78,251,66
#B4FC8D
#766A44
41,213,165
27,11,145
169,229,136
#59F07D
#C09585
18,172,251
#57999E
#7518F1
#02AF90
125,228,99
#4FBB21
178,231,219
#A404EF
#D5B719
#C4C96C
#DFD237
#C39188
#B7964C
#A33748
#496831
238,38,247
#4B3A4C
25,70,13
114,88,193
#046222
#9B955C
#8BBB1D
#98CD50
204,254,150
192,75,248
227,134,108
97,160,104
95,72,40
#3E1598
#E85AF7
151,63,126
137,114,70
25,86,23
#84E05C
#27EA72
108,168,210
#05FA66
38,13,251
#728659
109,14,231
69,241,165
#1E2359
#80F681
#0B0D87
#897900
#074F11
#CC330A
#BB900E
149,149,118
240,34,136
#0201A1
#A40933
#4C822B
22,17,132
5,186,186
#366CF3
28,193,228
200,98,205
#C5479A
254,143,236
#132CD3
#8E94B8
171,130,227
#C88507
212,139,255
#99896F
#1D3CBC
163,126,232
#E806C5
8,148,83
58,227,175
#0AB718
240,251,150
#53FD8B
#7451BE
#832825
#789BE0
#8FEBFB
#0100B9
240,235,11
140,65,174
69,76,137
175,85,49
17,218,111
#6BB183
#3C04BF
202,168,208
#0297E3
88,59,181
165,154,60
2,128,237
#9FC2F1
224,41,150
46,179,17
#71697A
221,204,141
200,27,97
